4.000  18.629
4.080  13.144
4.160  4.569
4.240  4.138
4.320  18.075
4.400  2.147
4.480  34.624
4.560  33.418
4.640  35.105
4.720  13.848
4.800  81.898
4.880  40.536
4.960  23.772
5.040  26.140
5.120  76.309
5.200  15.740
5.280  27.495
5.360  73.900
5.440  23.166
5.520  53.138
5.600  17.356
5.680  12.033
5.760  3.098
5.840  0.219
5.920  0.388
6.000  56.379
6.080  27.535
6.160  48.057
6.240  9.917
6.320  34.397
6.400  55.248
6.480  14.734
6.560  21.002
6.640  15.223
6.720  23.561
6.800  48.279
6.880  35.805
6.960  15.438
7.040  29.621
7.120  56.003
7.200  57.547
7.280  23.620
7.360  10.346
7.440  73.076
7.520  10.875
7.600  34.909
7.680  81.391
7.760  22.152
7.840  81.904
7.920  37.568
8.000  60.577
8.080  30.599
8.160  28.071
8.240  41.979
8.320  43.564
8.400  38.989
8.480  69.514
8.560  47.140
8.640  35.624
8.720  58.029
8.800  26.881
8.880  8.172
8.960  70.818
9.040  48.189
9.120  37.521
9.200  69.059
9.280  58.339
9.360  75.415
9.440  46.412
9.520  63.219
9.600  123.595
9.680  53.028
9.760  2.999
9.840  65.470
9.920  23.704
10.000  82.095
10.080  44.652
10.160  46.584
10.240  83.944
10.320  56.448
10.400  64.943
10.480  67.246
10.560  100.107
10.640  45.066
10.720  45.507
10.800  147.078
10.880  108.783
10.960  129.115
11.040  72.604
11.120  39.996
11.200  143.409
11.280  48.505
11.360  81.111
11.440  124.898
11.520  79.695
11.600  162.337
11.680  30.207
11.760  146.872
11.840  104.759
11.920  96.614
12.000  105.626
12.080  104.538
12.160  93.648
12.240  114.740
12.320  91.836
12.400  89.333
12.480  49.552
12.560  113.999
12.640  101.676
12.720  153.400
12.800  67.188
12.880  185.668
12.960  88.647
13.040  161.966
13.120  168.426
13.200  141.763
13.280  116.507
13.360  110.263
13.440  129.477
13.520  138.024
13.600  160.456
13.680  168.304
13.760  89.783
13.840  150.384
13.920  123.917
14.000  192.672
14.080  159.877
14.160  170.926
14.240  169.291
14.320  195.531
14.400  160.241
14.480  100.315
14.560  144.409
14.640  120.791
14.720  157.332
14.800  169.840
14.880  204.088
14.960  191.395
15.040  193.876
15.120  230.286
15.200  166.986
15.280  177.501
15.360  184.321
15.440  154.166
15.520  145.208
15.600  166.681
15.680  202.492
15.760  186.730
15.840  236.253
15.920  242.877
16.000  251.200
16.080  226.271
16.160  224.251
16.240  215.822
16.320  250.758
16.400  161.177
16.480  209.379
16.560  222.082
16.640  147.846
16.720  313.975
16.800  276.779
16.880  286.459
16.960  252.467
17.040  234.504
17.120  205.687
17.200  283.320
17.280  306.978
17.360  275.695
17.440  283.177
17.520  334.375
17.600  300.344
17.680  258.846
17.760  288.646
17.840  209.685
17.920  288.873
18.000  289.026
18.080  358.085
18.160  337.865
18.240  326.635
18.320  243.293
18.400  268.777
18.480  334.995
18.560  389.155
18.640  341.592
18.720  349.556
18.800  352.664
18.880  293.900
18.960  400.439
19.040  390.188
19.120  376.119
19.200  380.584
19.280  338.462
19.360  369.115
19.440  433.124
19.520  418.807
19.600  426.886
19.680  418.479
19.760  409.098
19.840  388.758
19.920  386.290
20.000  387.085
20.080  432.390
20.160  378.043
20.240  448.650
20.320  441.994
20.400  539.072
20.480  325.859
20.560  507.460
20.640  480.690
20.720  493.493
20.800  450.219
20.880  497.184
20.960  446.011
21.040  471.407
21.120  498.086
21.200  514.202
21.280  420.687
21.360  446.976
21.440  539.961
21.520  488.777
21.600  508.006
21.680  540.447
21.760  546.720
21.840  482.039
21.920  547.562
22.000  568.623
22.080  536.528
22.160  525.447
22.240  552.514
22.320  533.100
22.400  562.942
22.480  620.477
22.560  596.123
22.640  595.219
22.720  519.092
22.800  563.200
22.880  588.698
22.960  619.914
23.040  626.198
23.120  590.747
23.200  651.253
23.280  576.031
23.360  612.499
23.440  628.232
23.520  665.415
23.600  684.255
23.680  685.090
23.760  626.290
23.840  661.278
23.920  692.344
24.000  666.997
24.080  692.852
24.160  736.285
24.240  689.963
24.320  702.702
24.400  706.039
24.480  776.189
24.560  744.854
24.640  765.240
24.720  753.943
24.800  772.725
24.880  816.517
24.960  759.334
25.040  824.866
25.120  812.960
25.200  805.451
25.280  812.441
25.360  786.430
25.440  846.755
25.520  841.980
25.600  870.470
25.680  867.420
25.760  882.059
25.840  836.662
25.920  895.451
26.000  880.566
26.080  950.522
26.160  895.961
26.240  930.757
26.320  923.389
26.400  915.700
26.480  924.315
26.560  931.737
26.640  964.983
26.720  965.618
26.800  1010.409
26.880  1028.418
26.960  981.396
27.040  1054.742
27.120  1054.099
27.200  1088.904
27.280  1003.393
27.360  985.735
27.440  1065.527
27.520  1027.081
27.600  1065.946
27.680  1088.928
27.760  1015.085
27.840  1137.434
27.920  1085.540
28.000  1083.771
28.080  1110.294
28.160  1146.060
28.240  1144.866
28.320  1200.210
28.400  1154.975
28.480  1177.657
28.560  1132.365
28.640  1238.277
28.720  1180.802
28.800  1247.279
28.880  1279.745
28.960  1227.258
29.040  1220.310
29.120  1237.263
29.200  1220.470
29.280  1289.730
29.360  1280.424
29.440  1322.420
29.520  1320.227
29.600  1322.898
29.680  1307.184
29.760  1265.942
29.840  1313.807
29.920  1401.288
30.000  1366.863
30.080  1376.887
30.160  1441.224
30.240  1445.702
30.320  1363.678
30.400  1410.503
30.480  1356.928
30.560  1413.231
30.640  1417.785
30.720  1419.273
30.800  1456.486
30.880  1424.655
30.960  1489.118
31.040  1520.277
31.120  1497.361
31.200  1538.416
31.280  1549.105
31.360  1572.124
31.440  1564.420
31.520  1572.180
31.600  1632.360
31.680  1630.146
31.760  1617.721
31.840  1696.526
31.920  1616.558
32.000  1590.743
32.080  1611.676
32.160  1656.880
32.240  1706.884
32.320  1726.125
32.400  1744.302
32.480  1761.809
32.560  1794.160
32.640  1761.438
32.720  1774.638
32.800  1785.682
32.880  1758.955
32.960  1780.813
33.040  1822.721
33.120  1858.807
33.200  1868.299
33.280  1887.581
33.360  1882.522
33.440  1893.417
33.520  1825.259
33.600  1912.141
33.680  1898.190
33.760  1961.109
33.840  2019.703
33.920  1948.393
34.000  2025.940
34.080  1980.686
34.160  1974.527
34.240  2033.396
34.320  2038.776
34.400  2099.679
34.480  2064.796
34.560  2048.671
34.640  2034.321
34.720  2095.431
34.800  2150.118
34.880  2090.171
34.960  2127.380
35.040  2176.096
35.120  2093.238
35.200  2189.441
35.280  2215.503
35.360  2212.906
35.440  2204.550
35.520  2269.502
35.600  2277.858
35.680  2271.096
35.760  2329.620
35.840  2332.368
35.920  2290.436
